6.561e9
1.693e-3
2.226e4
9.870e2
8.896e5
4.338e10
4.397e0
1.628e0
5.543e-2
9.155e8
5.839e-2
5.300e1
9.881e9
2.775e0
5.488e2
2.143e3
2.411e-2
5.862e12
8.412e-3
7.873e4
7.667e6
7.952e12
1.730e10
8.876e10
6.324e6
4.059e11
6.200e6
2.360e12
5.042e12
7.802e-3
5.547e10
3.171e-3
5.578e-3
2.781e10
6.200e7
7.829e9
3.267e-2
9.704e11
4.245e2
9.762e9
8.187e-3
4.332e-1
1.250e0
3.514e1
6.714e-3
6.008e8
1.511e1
9.244e2
7.876e11
3.283e3
4.790e-3
8.806e3
8.428e-2
9.148e12
9.214e11
5.195e1
7.560e6
7.853e-2
3.750e6
3.999e8
6.987e8
2.006e12
4.397e12
3.528e10
5.238e0
9.269e-2
8.209e8
7.693e10
8.814e8
6.257e9
7.756e5
5.171e6
7.235e3
4.392e12
1.893e5
8.423e5
6.243e5
9.254e12
2.894e3
5.743e-3
2.265e-3
2.078e12
9.139e3
5.340e4
4.833e2
7.656e8
9.582e-2
2.699e9
7.993e-3
2.855e8
2.738e11
1.072e2
3.966e-1
1.091e3
9.881e1
6.293e4
9.722e3
3.430e6
6.430e9
8.182e5
